400 , 300
618.992 , 77.8229 - 642.992 , 347.823
615.008 , 78 - 639.008 , 348.177
617.034 , 77.9997 - 201.034 , 84.9997
616.966 , 76 - 200.966 , 81.0003
655.046 , 485.999 - 217.046 , 495.999
654.954 , 484 - 216.954 , 492.001
651.007 , 480.167 - 640.007 , 349.167
654.993 , 480 - 643.993 , 348.833
626.993 , 237 - 352.993 , 236
627.007 , 235 - 353.007 , 232
512.875 , 386.996 - 208.875 , 367.996
513.125 , 385 - 209.125 , 364.004
215.001 , 489.074 - 200.001 , 83.0738
218.999 , 489 - 203.999 , 82.9262